985.302 853
1052.64 916
882.16 814
256.043 156
594.486 469
873.627 784
874.894 757
187.479 43
483.331 283
915.595 884
225.823 169
256.654 164
66.3763 65
913.633 879
634.269 475
508.005 377
122.447 100
214.458 180
1065.76 981
761.962 628
1103.69 957
806.756 652
830.471 636
915.544 892
1051.69 964
475.691 419
529.098 375
422.275 339
887.49 832
180.647 1
512.048 374
1180.46 1022
466.764 315
164.3 118
768.727 595
285.636 281
1023.97 1017
1052.69 924
1060.1 925
345.858 158
255.811 233
982 875
1086.16 933
657.211 623
515.439 401
100.153 4
590.381 579
242.051 220
350.493 214
262.457 75
362.896 354
767.949 698
280.653 210
571.009 438
575.447 409
961.684 793
203.411 30
679.414 674
382.719 359
103.433 72
565.272 548
1063.63 998
930.521 783
971.079 968
326.995 236
643.182 533
1125.36 1008
1062.82 997
599.194 469
269.444 128
844.605 664
802.234 726
1041.66 894
935.766 773
509.7 443
748.756 670
820.749 692
868.812 674
604.829 552.313
140.499 82
225.435 161
1013.86 910
775.693 588
688.173 613
958.729 876
347.981 271
1048.92 955
1069.37 960
655.684 649
656.577 573
884.695 790
647.418 619
374.815 236
520.622 480
1097.22 1002
942.136 749
471.361 460
331.841 309
385.158 349
47.0005 40
285.906 277
962.582 876
181.684 139
1002.46 936
93.2177 43
492.752 452
675.849 635
922.977 868
400.352 341
898.659 853
530.783 475
344.765 339
707.618 678
190.507 156
467.345 384
128.489 32
212.03 194
272.006 230
444.812 383
894.927 884
422.597 377
674.71 628
962.688 916
830.662 685
278.187 184
283.757 185
668.327 651
1010.51 981
945.898 862
188.485 169
195.7 164
170.473 110
511.713 469
201.232 189
823.254 803
351.203 283
1004.06 974
837.117 814
814.432 784
272.598 224
239.903 186
1092.69 962
979.089 877
32.815 11
46.8167 25
245.423 188
702.873 636
424.37 400
643.801 582
107.711 100
149.13 117
439.07 376
222.866 158
937.148 879
796.457 757
434.328 346
890.706 879
997.523 977
951.809 920
241.12 225
125.785 56
65.5246 65
191.648 180
1006.37 957
242.076 233
110.292 107
576.914 552.322
992.925 964
834.107 746
957.373 838
702.596 652
799.672 790
899.752 892
764.502 705
437.625 419
801.961 721
381.301 257
610.575 455
394.055 360
364.395 306
119.977 47
793.366 624
806.14 790
554.804 548
773.232 689
366.146 339
476.26 425
174.561 133
424.702 375
683.978 671
1009.49 978
753.317 700
1022.65 997
638.119 492
874.923 701
850.012 832
95.8128 61
434.853 385
258.925 182
40.9943 4
1031.06 879
384.993 381
967.389 960
286.816 266
227.375 192
871.472 785
290.034 257
484.702 369
418.188 374
720.536 640
1005.85 956
170.513 103
1067.95 928
969.33 941
547.024 503
909.58 858
290.364 236
435.922 271
815.214 761
1054.49 1013
1024.08 979
302.942 221
278.217 189
1176.19 1000
722.877 687
122.198 60
608.56 487
827.788 754
144.749 97
392.064 359
867.367 802
434.787 409
866.725 839
314.481 308
420.792 372
917.697 851
116.701 31
918.581 830
1056.41 1010
152.875 93
777.564 775
627.361 582
208.867 149
1073.49 1021.87
552.648 469
708.508 687
500.268 464
643.929 567
651.54 649
293.641 276
922.82 848
1006.55 971
743.531 699
454.081 414
186.896 132
186.492 178
460.441 411
1055.64 994
42.6445 40
489.723 483
437.466 418
1050.98 961
464.231 460
79.9453 14
300.256 224
280.32 277
749.898 709
767.182 726
326.783 323
131.737 118
359.746 315
491.892 475
200.751 194
689.021 678
949.85 892
58.167 43
213.44 158
1041.65 1017
67.7198 32
434.693 401
961.667 924
642.125 628
907.684 876
1019.08 1017
466.951 452
650.005 635
154.616 139
837.408 791
906.27 875
254.103 214
221.477 185
291.858 203
389.913 299
356.663 354
226.503 220
244.813 222
390.666 377
80.8179 30
645.202 595
582.343 493
610.018 583
989.852 981
888.047 868
878.736 824
282.385 281
150.79 129
166.227 156
362.503 341
866.501 853
963.813 925
977.074 933
842.013 793
129.336 75
512.681 425
675.624 674
341.124 339
887.262 884
632.88 623
493.087 467
748.258 726
1042.17 1008
864.042 863
918.18 890
414.047 384
892.511 862
820.199 773
582.3 579
81.0757 72
1016.88 998
775.369 738
238.754 187
405.315 383
476.053 438
763.433 695
716.045 664
361.826 280
494.665 412
730.441 674
863.887 837
456.419 409
933.557 921
979.611 965
657.257 651
18.9416 11
98.8666 82
173.335 164
241.597 224
205.509 186
131.787 110
929.653 916
655.81 636
21.6001 21
83.684 77
365.76 359
174.712 169
824.685 783
935.995 894
730.132 656
181.096 28
217.601 184
212.817 130
984.828 974
564.149 533
181.541 158
728.609 692
193.402 189
184.266 180
883.257 879
32.868 25
128.612 117
771.254 757
481.409 469
975.005 957
641.229 588
217.508 183
208.584 188
593.639 538
578.076 508
616.09 540
913.375 877
968.908 968
810.197 803
408.712 400
179.093 161
717.354 698
692.039 670
792.727 757
302.643 283
102.257 100
931.423 920
229.43 210
792.787 784
1048.23 995
377.534 346
65.2103 65
984.341 977
824.004 797
820.647 814
899.672 879
292.392 271
981.086 955
398.277 376
166.652 128
1052.5 895
553.741 539
144.243 129
898.655 876
260.617 236
603.607 582
504.183 469
461.079 443
633.497 613
626.806 619
230.677 225
938.048 910
315.295 309
595.662 573
1027.96 1002
815.49 790
989.374 960
801.364 749
490.923 480
273.058 236
974.129 964
445.435 299
894.71 892
425.51 419
669.385 652
727.982 696
348.404 339
1101.72 1015
357.639 349
560.85 552.455
833.315 772
391.975 375
838.147 832
889.239 831
951.648 936
721.735 685
416.889 371
274.769 263
525.924 479
143.611 108
841.863 738
388.855 374
167.74 95
365.058 349
765.032 760
999.072 989
988.453 978
1057.07 1008
143.109 27
610.35 565
550.233 548
164.505 140
240.136 230
1042.52 1005
632.975 573
106.858 88
294.396 226
742.026 660
496.559 427
398.986 356
510.521 456
1005.16 997
562.444 417
331.721 328
226.02 0.149201
558.268 423.922
235.438 233
535.002 498
224.943 180
1043.26 993
41.1666 1.28586
15.4789 4
806.637 789
908.536 887
856.978 820
602.507 587
155.371 25
777.087 754
874.949 812
605.99 588
216.564 189
933.265 862
828.967 691
594.967 537
990.281 962
838.566 700
619.282 532
268.428 263
847.463 839
369.042 359
111.443 97
70.3097 56
256.849 150
857.058 830
320.595 315
759.829 734
416.8 409
386.805 372
821.697 802
309.975 308
83.4705 50
56.7726 31
659.274 628
870.875 851
590.212 567
881.197 816
595.525 582
338.388 303
166.822 149
110.641 93
493.68 469
775.777 775
281.229 276
474.677 464
72.042 39
1023.56 1010
203.002 196
299.146 279
1011.89 994
869.481 848
143.579 39
68.8694 0.258852
180.465 178
484.951 483
981.065 971
425.387 414
147.584 132
421.655 415
815.75 791
245.801 224
140.091 135
424.811 411
986.374 961
324.095 323
405.436 398
423.425 418
720.536 709
908.26 892
32.0886 14
121.093 118
736.298 721
860.345 838
631.78 628
846.36 759
170.503 158
107.638 107
762.254 746
408.606 401
991.54 956
46.952 43
324.913 315
277.879 277
793.019 790
461.111 460
195.789 194
715.907 705
279.841 257
354.604 354
181.148 180
60.2832 47
704.464 689
803.506 791
457.462 425
932.285 924
354.515 277
222.84 214
41.2737 30
654.784 624
1017.47 1017
791.75 790
221.436 220
332.43 290
881.803 875
961.739 957
482.809 455
41.2293 32
366.053 360
88.2492 76
590.172 583
316.361 306
730.898 726
727.073 695
760.718 757
194.388 185
674.365 674
1015.4 1008
783.323 773
803.578 793
605.72 595
86.7137 75
281.306 281
691.787 684
884.822 884
625.134 623
897.403 890
455.749 452
638.764 635
142.925 139
158.543 156
708.915 700
933.297 925
942.382 933
883.898 876
863.292 863
34.7034 32
673.143 671
675.138 664
301.328 280
447.443 425
381.719 381
73.9191 72
85.599 82
843.966 837
87.5046 70
1001.98 998
139.71 133
446.005 438
640.908 636
579.695 579
924.23 921
66.5804 61
747.469 738
433.111 425
872.857 868
346.251 341
516.513 492
1034.91 1021.45
78.7105 77
881.772 876
392.855 385
638.66 601
902.721 894
194.112 182
869.392 862
904.328 879
21.171 21
339.511 339
620.983 619
12.9301 11
170.362 169
197.564 192
618.17 613
228.28 224
190.744 186
699.547 692
477.839 469
391.174 384
150.609 130
729.138 701
599.031 588
649.495 649
961.157 960
310.587 309
447.49 443
262.134 257
342.046 339
1008.51 1002
539.308 533
762.26 749
40.5173 40
652.477 651
323.368 314
269.176 266
964.052 956
945.38 941
578.583 573
798.771 785
796.345 790
916.867 910
115.104 110
388.168 383
163.585 158
387.542 369
558.683 540
297.672 271
986.261 979
976.533 974
119.727 117
164.618 161
191.363 183
967.152 960
471.837 469
551.469 538
524.959 508
482.658 480
26.8189 25
275.295 271
966.439 964
960.235 955
865.657 858
245 236
380.263 375
651.889 640
233.33 221
191.646 184
1027.68 1000
287.458 283
402 400
803.43 797
213.79 210
509.429 503
243.948 236
112.828 103
949.292 928
353.276 346
885.273 877
65.0166 65.0047
138.667 113.333
100.533 100.025
892.639 892
189.981 189
968.555 964.946
542.523 539
132.643 129
978.672 977
693.052 687.03
134.536 128.966
420.53 419
680.008 678
473.582 466.965
583.75 498.5
435 305
674.41 669.971
983.32 981.008
339.667 187.333
166.199 163.98
241.978 235.989
745.333 588
1004.33 834
883.707 879.032
336.667 141.333
200.111 187.035
503 293.333
940.41 935.993
380.547 377.011
919.173 915.98
711.763 695.053
479.526 475.037
949.239 895.077
686.064 673.981
13.4966 13
594.018 592
968.208 968.038
327.4 320.493
59.4362 49.7517
908.884 896
636 607
961.205 930.67
650.223 619.009
360.332 359.019
904.509 856.33
879.77 878.973
833.628 762.673
155.667 66
1023.75 1017.05
416.15 323
833.933 832.016
922.636 920.023
401.274 292.991
362.628 252.664
815.467 814.028
351.166 349
449.743 326.664
701.751 698.019
692.126 687
613.333 482.333
765.131 757.036
666.566 524.991
373.402 233.33
989.063 848
785.9 783.967
737.101 725.953
259.372 102.664
758.06 639.753
161.333 0.333333
208.32 84
580.438 402.991
900.956 716.336
192.444 187.938
692.726 496.336
765.425 565
901.75 740
907.938 687
857.333 636
524.897 427.431
770.74 600.247
135.258 127.98
978.531 729.009
531.75 342.75
695.254 685.117
1263.65 1001.01
655.994 652.005
477 215
868.333 598
984.913 763.5
950.46 726.26
535.667 236
1280.96 980.991
335.254 299
519.527 208
433.099 411.949
691.134 373
361.92 29
864.113 608.247
786.955 449.33
538.991 538.991
239.036 237.339
360.676 356.009
42.4643 34.6607
814.856 806.982
744.662 737.007
985.745 975.991
379.56 368.991
930.455 919.655
74.4932 65.4932
415.926 406.235
338.738 327.007
840.667 824.667
449.523 417.342
985.541 953.018
669.39 651.668
164.339 124.982
824.007 794.757
96.9273 57
828.045 785.664
298.578 253
732.493 695
916.982 862.67
736.818 682.664
646.667 591.667
464.036 405.679
259.236 196.336
268.727 201.018
844.709 776.655
321.036 250.673
429.871 373.993
196.727 150.599
223.126 142.333
937.564 860.327
905.991 824.991
432.676 349.342
245.163 179.245
252.776 198.59
680.667 586.667
768.971 760.928
265.027 188.267
207.345 99.6727
134.018 19
882.464 821.836
1086.98 964
593.932 501.757
580 456.333
314.143 217.993
828.009 699.009
359.218 254.265
534.5 433.5
1081.22 975.503
447.927 298.345
464 319.673
1018.73 1013
520.5 406.5
331.007 217.49
488.932 378.743
389.143 230.018
168.56 13.3303
1033.56 913
281.4 123.655
1093.55 968.507
1109.24 988.503
573.761 403.67
548.75 374.018
243.658 65.982
322.333 139.667
1090.67 904.327
1126.7 935.676
550.55 352.991
1089.32 891.991
884.055 677.67
633.836 479.5
649.636 521.799
519.209 311
756.119 545.661
703.23 542.757
380.903 376
264.524 109.259
1104.42 892.345
213.709 0.981818
202.465 74.8108
68.6843 60
646.5 481.25
856.289 853
504.715 487
837.613 599
378.513 374
1179.48 941.336
254.658 0.981982
876.073 628.982
665.009 414.661
556.318 299
644.955 381.009
973.936 715
1122.21 922
884.768 613.339
619.127 356.327
309.049 149.201
197.713 58.4933
940.676 661.324
483.173 205.673
1256.5 978.664
280.667 0.666667
330.959 112.007
1014.9 729.664
671.918 384.664
768 484
711.237 495.986
418.847 409.036
229.281 15.7466
383.326 208.984
1061.31 771.33
793.064 493.33
859.711 634.262
1018.59 718.321
1185.67 890.667
958.973 741.503
598.945 305
425.273 134
1181.24 887.018
1210.8 899.679
981.782 672.664
920.073 618.327
689.378 371.342
1149.85 834.336
1339.33 1022.33
943.357 619
1216.39 890.339
1093.66 770.324
1337.18 1000.02
540 199
518.389 258
142.991 142.33
131.493 130.243
606.111 604.422
513.265 509.586
360.391 353.664
214.757 206.009
768.333 764
523.329 514.014
919.435 909.993
945.827 929.682
855.651 838
23.5545 1.01818
274.955 247.664
955.394 926.33
515.493 485.743
478.613 437.67
982.972 942.349
998.158 967.493
943.477 899.658
754.262 728.383
395.972 351.019
795.197 779.007
816.748 782.265
420.63 371.981
351.743 313.243
1026.66 973.991
263.15 222.252
409.835 354.349
619.315 558.333
128.007 80.7635
751.842 725.985
779.061 731.755
878.262 815.009
904.477 841.346
987.625 940.472
804.531 802.979
218.981 149.673
887.512 871.793
137.284 65.6606
165.261 92.3423
890.657 854.171
420.352 366
253.303 177.651
192.021 136.521
131.87 52.3519
655.064 574.336
486.315 400.667
133.257 46.0183
355.991 269.324
540.796 449.667
715.186 645.269
1058.16 988.241
1027.89 932
753.949 703.81
963.324 864.657
768.964 669.685
378.938 320.802
299.187 203.673
963.907 866
258.535 216.157
969.333 869.667
823.796 720.676
119.991 14.9727
1033.8 954.986
816.918 735.231
980.953 977.919
1011.98 966.141
165.424 77.0208
1097.79 981.027
643.364 529.336
1059.81 988.807
1066.11 938
713.343 583.009
992.409 936.575
381.579 246.664
1161.94 1021.34
433.061 353.586
726.979 617.465
182.89 41
1147.35 998
312.72 226.181
314.988 263.593
604.227 444.973
223.121 64.9907
351.27 188.658
98.7798 17.6514
708.953 549
745.477 673.306
555.833 470.167
1186.64 1001.98
672.292 493
360.927 173.991
586.466 442.267
423.376 309.807
826.717 680.759
413.318 214.682
315.826 165.771
700.361 489.667
500.991 294.324
581.111 368.019
234.698 28.3302
1209.34 994.009
648.943 433.66
516.103 353.483
320.847 187.607
1206.2 988.673
606.993 439.243
569.917 334.339
795.041 622.49
971.878 962.029
493.203 304
642.609 397.336
593.173 488
1112.01 869.009
421.795 283.502
500.159 232.009
571.15 303
466.324 301.589
1094.92 896.993
353.809 75.0273
425.473 153.018
1143.86 932.986
479.633 191.67
803.361 519.009
367.75 81.3426
262.352 96
670.728 656.099
1053.12 827.476
800.738 579.759
1141.58 1017.29
1210.35 922.679
364.748 67.6636
1098 802.667
1159.97 856.009
611.472 311.991
285.711 53.993
949.085 643.66
695.138 543.848
500.406 259.483
1130.89 804.679
1164.68 922.497
1313.93 983.324
428.197 268.674
905.018 573.973
705.18 504.798
535.549 335.016
319.219 128.005
378.891 40.3455
656.122 330.327
668.722 344.972
718.232 388.648
314.261 298.939
1066.31 709.67
817.257 817.007
101.048 95.6635
979.476 974.497
839.426 830.986
764.84 748.33
390.99 371.99
529.085 505.349
816.157 804.824
850.897 824.654
898.018 869.685
440.906 410.34
438.895 406.667
237.741 214.259
600.261 581.594
912.642 877
745.991 723.514
161.238 127.259
992.776 945
377.835 327.99
974.621 934.979
984.68 930.99
202.126 147
740.99 684.324
911.315 852.982
268.476 241.333
155.982 90.3455
992.726 952.212
405.77 363.781
911.096 869.401
338.308 267.318
792.596 718.339
75.6111 0.314815
1053.85 976.324
525.084 480.792
567.456 491.34
512.297 465.6
603.64 559.399
165.865 91
602.181 581.558
366.224 290.009
603.486 544.486
506.148 421
821.346 737.327
858.982 768.688
1009.6 957.203
881.575 826.799
90.486 0.654206
208.324 160.657
975.839 916.387
727.699 628.67
150.636 43.9813
427.562 322
207.9 163.428
178.495 63.3458
167.603 94.0168
1055.1 961.283
412.14 318.993
888.811 765.641
296.324 167.99
792.667 664
1111.68 1015.01
535.381 401.667
656.215 523.991
745.148 604
568.626 430.682
190.543 89.5143
741.771 637.271
600.042 499.231
1093.95 949.009
113.049 0.485915
523.755 415.504
930 822.986
250.215 177.986
527 377.333
390.444 268.528
1140.6 981.345
371.731 207.972
193.038 28.6604
935.171 835.21
1084.71 956.236
661.505 496.972
339.324 165.972
478.733 310.352
441.971 271.971
240.126 57.9903
361.308 176.654
762.402 718
830.299 653.991
569.481 390
508.111 319.343
617.037 430
534.565 455.602
870.138 678.349
552.235 436.989
248.143 51.3429
693.35 613.463
1133.33 930.339
881.851 786.493
1139.99 934.324
1069.26 907.014
1046.83 817.327
1074.57 908.255
640.924 411.34
486.552 367.524
815.057 577.349
873.539 693
955.815 712.685
559.22 325
658.439 402.028
466.942 222.67
485.356 327.233
974.528 777.021
791.444 783.081
679.374 518.396
1231.47 972.337
416.514 225.986
657.603 496.581
1028.39 833.993
1045.04 766.963
684.613 411.651
1192.87 926.663
459.092 251.518
725.871 526.486
1013.51 732.981
1052.06 778.33
808.574 516.343
372.406 230.986
1301.09 994.982
1290.7 1010.68
500.426 200.657
438.07 215.986
744.153 530.507
1192.08 966.766
77.0772 27.6375
855.685 553.018
724.077 484.754
1243.54 918.688
1016.75 693.337
757.99 433.99
571.772 316.255
900.383 572.346
841.759 599.986
1174.01 849.01
238.704 95.2875
1162.49 911.754
1303.98 962.336
226.731 203.03
371.683 122.246
1295.02 962.682
886.718 714.493
434.311 433.962
547.039 546.68
28.7708 28.5069
144.972 143.014
925.935 909.046
658.621 649.017
454.215 441.748
685.591 678.426
1041.07 1021.34
721.887 711.321
474.861 458.241
616.873 604.83
21.0432 0.741007
464.102 455.275
456.49 430.979
1030.01 995.67
665.777 626.019
862.415 842.646
468.085 422.009
929.441 890
939.625 887.01
778.97 728.327
584.33 532.34
348.869 326.155
226.34 225.04
387.536 360.652
1076.89 1017.33
1013.42 971.752
275.663 212.317
518.654 459.317
746.312 707.006
968.275 940.271
1004.4 960.84
783.6 722.267
506.761 442.535
935.299 852.308
129.01 50.6346
227.942 222.11
570.245 527.673
602.339 509.954
216.319 145.468
479.914 376.048
969.111 918.853
886.043 807.486
312.009 211.037
1010.48 910.972
145.09 67.7708
364.33 258.697
898.292 789.311
492.902 478.917
715.886 606.648
475.226 395.263
1112.33 1006.67
378.871 313.988
557.448 442
540.63 461.239
554.343 442.01
665.813 593.813
370.043 276.794
879.122 790.741
205.107 110.736
480.573 352.65
488.543 354.638
978.37 883.768
1013.22 967.367
849.548 722
699.917 644.141
166.126 98.6748
343.143 320.484
1022.77 918.028
679.021 568.232
753.683 613.683
919.345 807.281
203.752 92.227
343.842 204
979.896 825.028
413.476 365.898
431.171 281.686
789.562 711.51
530.428 452.642
516.602 440.845
797.655 677.275
749.897 683.583
827.519 672
938.19 785.676
483.953 313.311
197.234 70.4894
713.406 548.689
1023.77 864.33
649.503 519.028
711.4 698.933
901.926 814.194
232.466 134.603
1180.04 1002.66
797.324 620.324
256.916 144.615
217.057 105.011
500.922 316.657
901.138 766.507
606.241 464.255
1100.39 904.66
269.521 116.5
1057.91 974.287
229.009 11.0472
518.262 312
217.413 17.0096
586.683 581.963
833.628 824.075
220.353 71.259
838.633 619
541.587 377.028
1118.55 896.663
287 69
757.981 543
283.371 109.755
800.544 565.32
1234.62 995.676
175.514 0.514493
299.037 116.259
817.593 677.198
1257.81 1011.35
572.682 318.047
676.86 547.99
748.453 649.053
889.52 644
1247.03 1006
1129.62 968.39
792.835 668.684
1010.83 815.766
217.424 74.6102
996.343 805.248
220.627 67.1808
504.515 401.901
507.162 314.5
1047.4 854.25
378.575 236.164
808.014 672.181
429.815 142
347.465 188.413
867.686 588.352
1155.09 975.978
718.362 414
624.626 405
802.907 596.721
243.784 29.7554
550.38 387.978
894.612 600.34
1077.99 761.324
655.95 472.389
1136.51 892.764
985.856 759.489
1057.34 745
970.087 641.039
726.75 425.327
783.345 601.816
323.67 0.688679
965.964 739.475
890.047 562.311
1030.78 840.592
1075.52 910.154
524.439 422.689
835.264 489.349
1247.79 984.448
499.394 154.971
847.691 610.518
663.638 406.021
829.017 617.203
516.406 492.971
1082.86 870.601
1043.97 894.87
164.99 163.971
784.489 784.489
743.933 739.775
787.593 781.942
862.09 853.493
888.937 875.556
974.692 956.346
1039.86 1021.36
265.314 246.647
403.303 382.01
643.948 625.022
523.141 495.667
685.311 651
1042.15 1022.18
473.641 437.359
915.231 878.327
197.359 163.689
620.149 596.759
422.374 398.642
40.0379 16.6256
314.465 279.479
264.824 230.471
517.359 462.65
51.2741 8.23704
668.553 649.989
102.842 52.7338
311.08 238.36
522.852 456.317
634.412 559.676
655.637 574.314
117.592 35.0204
879.777 789.971
46.33 1.64039
338.965 281.965
682.241 618.708
194.456 97.0583
289.103 226.75
927.036 852.77
1013.28 938.5
303.02 199.961
394.689 293.019
949.542 832.346
489.667 372.657
1107.54 987.333
170.852 45.9444
329.568 260.989
854.842 766.263
894.814 778.99
1031.79 907.299
427.663 294.683
392.774 290.029
389.646 260.677
960.573 813.369
877.333 794.057
588.853 438.314
523.46 379.98
872.847 761.244
221.451 81.3627
783.284 671.231
513.77 410.971
300.184 183.978
412.507 305.729
247.942 132.467
1032.75 873
463.806 339.763
802.235 621.951
297.216 249.089
468.219 385.162
545.612 466.148
1168.89 993.302
1128.72 962.96
647.065 505.768
461.755 266.019
645.976 538.824
980.365 824.204
227.667 38.6667
531.335 443.894
861.538 658.346
540.199 416.375
691.986 550.239
191.951 1
215.521 97.1893
992.051 787.99
493.615 277.962
375.588 199.559
935.556 777.008
465.606 234
1072.72 844.038
1191 967.33
198.761 33.0299
675.729 490.993
60.9236 55.882
472.043 293.239
333.213 189.391
369.676 106.324
794.64 561.68
678.431 440.637
830.744 666.442
645.432 523.68
475.02 202.68
841.867 627.719
1205.21 902.308
368.364 84
386.27 158.539
376.792 89.9802
419.416 259.416
572.146 401.61
1156.13 970.38
564.257 349.757
1338.07 1022.36
611.743 375.736
1070.07 959.133
1298.56 996.99
636.485 332.646
461.354 331.279
1288.32 983.36
1134.43 954.971
1308.54 981.99
515.267 198.01
460.647 135.647
899.03 647.737
580.154 246.644
648.246 402.963
1085.84 865.052
185.675 21.995
342.099 182.858
1134.9 765.029
196.485 196.266
202.607 202.607
216.57 213.978
313.808 309
195.5 180.66
1017.12 991
195.677 162.031
332.615 307.262
177.629 129
298.861 273.995
1012.27 975.522
217.794 156.324
740.39 684.537
1068.23 1010.44
258 177.346
1079.84 996.663
724.316 642.684
767.87 707.053
617.951 521.356
874 805.5
517.471 407.048
536.867 485.793
647.669 557.534
264.905 152.653
607.525 478.941
872.4 782.489
530.411 409.674
1048.27 945.558
323.182 233.489
865.092 762.43
939.699 809.971
1114.5 1011.52
1109.57 992.543
1058.58 904.343
318.31 174.63
782.46 653.964
846.847 672.337
177.518 70.6205
169.324 4
184.754 55.9846
795.351 661.489
993.328 860.769
686.748 488.641
795.165 591.961
606.527 530.882
114.333 7.621
369.406 158
663.735 583.618
537.407 392.281
416.9 201.34
384.065 213.971
180.855 114.941
934.191 760.993
823.614 580.347
1028.89 940.111
723.783 569.59
272.647 26.9608
1086.69 857.624
1029.85 871.343
966.887 816.226
872.867 663.267
479.019 192
1017.58 743.981
235.691 147.605
317.562 112.515
1077.61 930.495
372.88 242.494
1178.99 890.33
234.851 85.6567
325.22 97.7305
1152.04 843.01
876.428 638.775
355.51 70.93
1100.36 803.96
940.897 615.969
356.094 106.703
1216.26 971.008
1164 823.653
830.44 485.34
1244.67 905.304
529.462 179.708
1175.18 924.022
922.2 606
1164.49 831
549.93 288.233
897.39 539.34
343.449 343.018
561.901 561.151
568.987 567.873
207.317 204.624
653.705 646.492
732.02 713.3
382.452 357.333
1013.65 989.504
106.97 65.6364
979.472 912.076
534.447 458.078
764.794 721.2
134.179 48.6842
974.918 875
99.7301 33.5706
421.83 397.47
971.736 894.19
1142.74 1013.63
207.43 96.4963
103.059 26.3251
308.521 222.401
707.5 561.98
722.608 605.685
299.845 213.369
262.215 139.031
1104.85 978.969
673.942 494.288
1008.78 830.96
505.497 392.859
1230.71 1009.94
559.576 367.288
867.677 694.737
194.586 54.3949
1029.69 941.543
1022.52 875.237
238.785 74.1962
282.02 0
842.243 582.291
876.779 664.029
561.507 351.507
1010.21 906.677
949.711 630.041
292.281 37.2813
1029.22 812.012
1186.9 825.352
1196.12 807.38
647.045 643
512.589 504.358
41.8509 35.1429
205.798 181.968
454.276 442.847
965.291 935.268
67.3711 20.0515
1049.81 993.053
959.289 887.578
463.719 344.5
222.555 116.606
339.345 217.223
899.466 727.989
284.977 172.744
926.892 753.989
161.426 43.3787
422.893 348.669
577.473 345.323
716.065 498.323
408.851 275.83
849.273 546.919
1006.04 681.92
182.724 179.551
701.886 692
864.222 851.556
410.067 375.685
813.2 758.379
613.069 529.637
20.0329 2.33671
934.169 847.732
394.07 292.054
500.529 399.504
148.72 92.2642
722.317 597.317
664.989 506.988
167.252 31.4472
1023.01 888.217
774.033 530.341
804.292 726.949
554.919 295.071
723.733 427.366
724.262 496.484
470.827 275.472
608.958 319.292
287.277 5.60638
1138.25 985.697
1118.47 856.286
878.784 822.371
36.0408 0.421769
897.026 854.697
227.635 155.61
635.845 461.33
1043.95 665.379
226.145 161.491
768.337 614.361
889.146 753.766
848.279 615.012
1363.57 970.667
399.374 304.363
214.096 0.576
